11022013;301A00084600;A;7;MOR1;5138,34;2013;2;69,8;60,45;181,36;ACB;171,13;12
21022013;201C00294200;A;7;MOR3;8461,77;2013;2;0;99,55;298,66;ALOA;0;12
17022013;101A00081600;A;7;MOR3;418,88;2013;2;24,48;5,17;15,52;ACB;0;12
19022013;101B00149200;A;7;MOR3;0;2013;2;350,45;0;0;ACB;99;12
17022013;201A00081600;A;7;MOR3;439,57;2013;2;92,54;5,17;15,52;ALOA;0;12
19022013;201C00149200;A;7;MOR3;0;2013;2;0;0;0;ACB;0;12
10022013;201C00357500;A;7;MOR3;1000;2013;2;9,91;0;0;ALOA;867,77;12
12022013;101B00247400;A;7;MOR3;163,68;2013;2;126,59;2,02;6,07;ACB;0;12
04022013;101A00084600;A;7;MOR3;4896,54;2013;2;32,41;60,45;181,36;ALOA;171,13;12
22022013;101B00161100;A;7;MOR3;2527,91;2013;2;128,14;31,21;93,63;ACB;0;12
04022013;101B00021700;A;7;MOR3;2498,47;2013;2;149,2;30,85;92,54;ACB;0;12
10022013;101B00357500;A;7;MOR4;1000;2013;2;123,42;0;0;ACB;867,77;12
12022013;201C00247400;A;7;MOR4;171,76;2013;2;9,59;2,02;6,07;ALOA;;12
22022013;101A00183200;A;7;MOR4;0;2013;2;37,67;0;0,01;ACB;;12
16022013;101A00345300;A;7;SMOR;754,54;2013;2;29,93;9,32;27,95;ALOA;;12
16022013;301A00345300;A;7;SMOR;791,8;2013;2;90,99;9,32;27,95;ACB;;12
22022013;201C00161100;A;7;SMOR;2652,75;2013;2;9,13;31,21;93,63;ACB;;12
