23012013;201A00371600;A;7;MOR1;6353,6;2013;1;92,31;74,75;224,25;ALOA;126,58;12
12012013;101A00287100;A;7;MOR1;3459,75;2013;1;27,95;42,71;128,14;ACB;128,13;12
19012013;101B00401400;A;7;MOR2;300;2013;1;372,42;3,2;9,6;ALOA;44,22;12
19012013;201C00401400;A;7;MOR2;300;2013;1;0;3,2;9,6;ALOA;84,59;12
22012013;101A00113300;A;7;MOR2;4028,39;2013;1;15,51;49,73;149,2;ACB;0;12
19012013;201C00374700;A;7;MOR3;0;2013;1;0;0;0,01;ALOA;0;12
10012013;101B00593700;A;7;MOR3;5168,51;2013;1;233,52;63,81;191,43;ACB;37,67;12
22012013;201A00113300;A;7;MOR3;4227,32;2013;1;93,63;49,73;149,2;ACB;;12
11012013;101B00365200;A;7;MOR4;875,05;2013;1;415,61;10,8;32,41;ACB;;12
19012013;101B00374700;A;7;MOR4;0;2013;1;224,24;0;0,01;ALOA;;12
27012013;201A00237700;A;7;MOR4;321,69;2013;1;99,67;3,78;11,36;ACB;;12
10012013;201C00593700;A;7;MOR4;5423,75;2013;1;0;63,81;191,43;ACB;37,67;12
21012013;101B00294200;A;7;MOR4;8063,57;2013;1;298,65;99,55;298,66;ACB;0;12
23012013;101A00371600;A;7;SMOR;6054,61;2013;1;26,32;74,75;224,25;ALOA;126,58;12
12012013;301A00287100;A;7;SMOR;3630,6;2013;1;91,28;42,71;128,14;ACB;128,13;12
11012013;201C00365200;A;7;MOR1;918,26;2013;1;0;10,8;32,41;ALOA;0;12
27012013;101A00237700;A;7;SMOR;300;2013;1;14,71;3,78;11,36;ALOA;0;12